0.0
22.0
18.0
38.0
43.0
15.0
40.0
24.0
47.0
23.0
57.0
22.0
60.0
31.0
15.0
83.0
20.0
80.0
18.0
40.0
24.0
48.0
34.0
16.0
15.0
51.0
22.0
58.0
31.0
62.0
21.0
100.0
19.0
71.0
19.0
15.0
41.0
40.0
44.0
23.0
50.0
22.0
58.0
21.0
58.0
21.0
21.0
15.0
72.0
19.0
99.0
18.0
39.0
25.0
20.0
43.0
24.0
15.0
58.0
21.0
60.0
21.0
67.0
29.0
15.0
91.0
18.0
15.0
46.0
24.0
51.0
33.0
15.0
62.0
20.0
70.0
20.0
83.0
19.0
40.0
41.0
15.0
41.0
24.0
51.0
22.0
55.0
21.0
67.0
30.0
67.0
21.0
15.0
91.0
19.0
40.0
26.0
42.0
38.0
49.0
22.0
52.0
22.0
16.0
61.0
20.0
72.0
29.0
82.0
19.0
40.0
26.0
90.0
18.0
15.0
20.0
15.0
70.0
20.0
76.0
20.0
76.0
19.0
40.0
44.0
15.0
49.0
23.0
54.0
21.0
61.0
30.0
15.0
15.0
91.0
18.0
88.0
18.0
40.0
42.0
15.0
15.0
53.0
22.0
15.0
21.0
71.0
19.0
16.0
77.0
19.0
91.0
18.0
42.0
39.0
42.0
24.0
15.0
15.0
56.0
21.0
21.0
15.0
15.0
97.0
18.0
15.0
47.0
35.0
52.0
22.0
59.0
21.0
66.0
20.0
90.0
19.0
20.0
40.0
25.0
49.0
22.0
50.0
23.0
51.0
21.0
100.0
27.0
15.0
74.0
20.0
76.0
19.0
89.0
18.0
21.0
15.0
51.0
21.0
58.0
21.0
71.0
19.0
76.0
28.0
15.0
41.0
25.0
45.0
23.0
41.0
24.0
47.0
38.0
15.0
58.0
22.0
15.0
77.0
20.0
74.0
28.0
91.0
18.0
15.0
45.0
23.0
51.0
22.0
60.0
31.0
64.0
20.0
71.0
19.0
15.0
41.0
43.0
43.0
24.0
47.0
22.0
16.0
58.0
20.0
83.0
27.0
15.0
91.0
18.0
15.0
45.0
23.0
49.0
35.0
15.0
15.0
61.0
20.0
83.0
19.0
91.0
26.0
16.0
15.0
41.0
24.0
47.0
23.0
49.0
37.0
15.0
66.0
20.0
72.0
20.0
77.0
19.0
90.0
26.0
15.0
39.0
25.0
43.0
23.0
47.0
23.0
47.0
36.0
51.0
22.0
15.0
62.0
20.0
66.0
20.0
71.0
29.0
71.0
20.0
90.0
18.0
41.0
25.0
15.0
49.0
37.0
48.0
23.0
52.0
21.0
56.0
21.0
59.0
20.0
21.0
74.0
19.0
98.0
18.0
41.0
24.0
49.0
22.0
55.0
34.0
15.0
66.0
20.0
71.0
19.0
15.0
44.0
41.0
15.0
51.0
22.0
61.0
20.0
67.0
31.0
66.0
20.0
15.0
83.0
19.0
90.0
18.0
45.0
35.0
16.0
16.0
55.0
20.0
100.0
18.0
83.0
28.0
90.0
18.0
39.0
26.0
15.0
47.0
23.0
52.0
34.0
54.0
21.0
15.0
64.0
20.0
15.0
101.0
26.0
41.0
25.0
100.0
18.0
83.0
19.0
52.0
21.0
82.0
28.0
15.0
71.0
19.0
91.0
19.0
91.0
18.0
44.0
41.0
